SIMILARITIES for SUM 
 
TOTAL 
min: -0.13037459552288055 
max: 1.0000003576278687 
avg: 0.3788352608680725 
 
k = 2 
min: 0.035204045474529266 
max: 1.0000003576278687 
avg: 0.9267226457595825 
 
k = 3 
min: 0.009812932461500168 
max: 1.0000003576278687 
avg: 0.8797003626823425 
 
