SIMILARITIES for CLS 
 
TOTAL 
min: 0.3047264814376831 
max: 1.0000003576278687 
avg: 0.8587215542793274 
 
k = 2 
min: 0.4502878189086914 
max: 1.0000003576278687 
avg: 0.9836142063140869 
 
k = 3 
min: 0.4349480867385864 
max: 1.0000003576278687 
avg: 0.9723858833312988 
 
